++++++++ 2D Beam Problem: Member releases Example of CE398 Course ++++++++
6 4 -5 1 1 0 0 1 0 
1 30e3 11.538e3 6.5e-6 283.56e-6
1    0.0    0.0   0.0
2  480.0    0.0   0.0
3  600.0    0.0    0.0
4 1080.0    0.0    0.0
5 1200.0    0.0    0.0
6 1680.0    0.0    0.0
1 1 1 0 0 0 0 0 0 0 0 0 0
2 0 1 0 0 0 0 0 0 0 0 0 0
5 0 1 0 0 0 0 0 0 0 0 0 0
6 1 1 0 0 0 0 0 0 0 0 0 0
1  1  2  1 16.2 0 48.4 1140 0 0
2  2  3  1 0 0 0 0 0 0
3 -3 -4  1 0 0 0 0 0 0
4  4  5  1 0 0 0 0 0 0
5  5  6  1 0 0 0 0 0 0
First Load Case: Dead Load
0 0 5 0
1 1 0 0 0 0 0 0 0 0 0
0 0.0 -0.08333 0.0 0 -1.0
2 0 0 0 0 0 0 0 0 0 0
3 0 0 0 0 0 0 0 0 0 0
4 0 0 0 0 0 0 0 0 0 0
5 0 0 0 0 0 0 0 0 0 0

