++++++++ Frame under load combination - Example Chapter 3 - Lopez's Book  ++++++++
4 2 -3 2 1 2 0 1 1
1 29000 11500 1.0e-5 3.0
1   0.0     0     0.0
2   0.0 100.0     0.0
3 200.0 100.0     0.0
4 200.0   0.0     0.0
1 1 1 1 1 1 0 0 0 0 0 0 0
4 1 1 1 1 1 1 0 0 0 0 0 0
1 1 2 1 20.0 0.0 0.0  800 0 0
2 2 3 1 40.0 0.0 0.0 1600 0 0
3 3 4 1 20.0 0.0 0.0  800 0 0
Dead Load Case
2 0 1 0
2 0 -7 0 0 0 0
3 0 -7 0 0 0 0
2 1 0 0 0 0 0 0 0 0 0
1 0.0 -0.15 0.0 0 0
Live Load Case
1 0 2 0
2 10 0 0 0 0 0
1 1 0 0 0 0 0 0 0 0 0
1 0.1 0.0 0.0 -0.5 -1.0
2 1 1 0 0 0 0 0 0 0 0
1 0.0 -0.15 0.0 0.0 0.0
1 0.0 -5.0 0.0 -0.5
Load Combination - 1.4 X Dead + 1.7 Live
1 2
1 1.0
2 1.0
2 2
1 1.4
2 1.7
