++++++++ 2D Frame Problem: Unbraced Frame Example of CE398 Course ++++++++
4 2 -3 2 1 1 0 1 0 
1 29e3 11.154e3 6.5e-6 283.56e-6
1    0.0    0.0   0.0
2    0.0  100.0   0.0
3  200.0 100.0    0.0
4  200.0   0.0    0.0
1 1 1 1 0 0 0 0 0 0 0 0 0
4 1 1 1 1 1 1 0 0 0 0 0 0
1  1  2 1 20 0 0 800 0 0
2  2  3 1 40 0 0 1600 0 0
3  3  4 1 20 0 0 800 0 0
First Load Case: Dead Load
2 0 1 0
2  0 -7  0  0 0 0
3  0 -7  0  0 0 0
2 1 0 0 0 0 0 0 0 0 0
0 0.0  -0.15 0.0  0.0 -1.0
Second Load Case: Live Load
1 0 2 0
2 10.0  0.0  0.0  0.0  0.0  0.0
1 1 0 0 0 0 0 0 0 0 0
0 0.0  -0.1  0.0  -.5 -1.0
2 1 1 0 0 0 0 0 0 0 0
0 0.0  -0.15 0.0  0.0 -1.0
0 0 -5 0 -0.5
Hipotesis de Combinaciones de Solicitaciones (Miembros)
 1 2
 1 1.4
 2 1.7

