++++++++ Grid Example - Example Chapter 23 - Lopez's Book  ++++++++
5 4 4 1 1 0 0 2 0
1 30000 11538 1.0e-5 3.0
1   0.0     0     0.0
2 240.0   0.0     0.0
3 120.0 -144.0    0.0
4 120.0  144.0    0.0
5 120.0    0.0    0.0
1 1 1 1 1 1 0 0 0 0 0 0 0
2 1 1 1 1 1 0 0 0 0 0 0 0
3 1 1 1 1 1 0 0 0 0 0 0 0
4 1 1 1 1 1 0 0 0 0 0 0 0
1 1 5 1  0.0 558.0 279.0 0.0 0 0
2 2 5 1  0.0 0.0 0.0 0.0 0 0
3 3 5 1  0.0 0.0 0.0 0.0 0 0
4 4 5 1  0.0 0.0 0.0 0.0 0 0
Load Case 1
0 0 1 0
1 0 1 0 0 0 0 0 0 0 0
1 0 0 -5 -0.5
