++++++++ Space Truss Example 2 Chapter 5: Frame Weaver & Gere book ++++++++
6 3 -9 1 1 0 0 0 0
1 80e6 1.0 2.0 3.0
1 5 0 3
2 5 0 -3
3 5 -3 0
4 0 0 3
5 0 3 0
6 0 0 -3
4 1 1 1 0 0 0 0 0 0 0 0 0
5 1 1 1 0 0 0 0 0 0 0 0 0
6 1 1 1 0 0 0 0 0 0 0 0 0
1 -1 -2 1 0.01 1 0 0 0 0
2 -1 -3 1 0 0 0 0 0 0
3 -2 -3 1 0 0 0 0 0 0
4 -1 -4 1 0.02 1 0 0 0 0
5 -3 -4 1 0 0 0 0 0 0
6 -1 -5 1 0 0 0 0 0 0
7 -2 -5 1 0 0 0 0 0 0
8 -2 -6 1 0 0 0 0 0 0
9 -3 -6 1 0 0 0 0 0 0
First Load Case
1 0 2 0
3 240 -240 480 0 0 0
1 1 0 0 0 0 0 0 0 0 0
1 0 240. 0 0 -1.0
4 0 1 0 0 0 0 0 0 0 0
1 0 -240 0 -0.5

