++++++++ Plane Truss Example  Chapter 5: 2D Truss Weaver & Gere book ++++++++
4 2 -6 1 1 0 0 1 0
1 10000 1.0 6.5e-6 0.2836 
1 0 80 0
2 60 80 0
3 0 0 0 
4 60 0 0
3 1 1 1 0 0 0 0 0 0 0 0 0
4 1 1 1 0 0 0 0 0 0 0 0 0
1 -1 -2 1 6 1 0 0 0 0
2 -3 -4 1 6 1 0 0 0 0
3 -1 -3 1 8 1 0 0 0 0
4 -2 -4 1 8 1 0 0 0 0
5 -1 -4 1 10.0 1 0 0 0 0
6 -2 -3 1 10.0 1 0 0 0 0
First Load Case
1 0 4 0
2 20.0 10.0 0 0 0 0
1 0 0 0 1 0 0 0 0 0 0 
0 0 0 -1200 -0.5
2 0 1 0 0 0 0 0 0 0 0
0 0 -20 0 -0.5
3 1 0 0 0 0 0 0 0 0 0
0 0 .25 0 0 -1.0
4 0 1 0 0 0 0 0 0 0 0
0 10 10 0 -0.5
