++++++++ 3D Problem: Lab 10 Orthogonal Space Frame of CE398 Course ++++++++
8 4 -8 1 1 0 0 0 0
1 30e3 11.53846e3 6.5e-6 283.56e-6
1    0    0    0
2  216    0    0
3    0  216    0
4  216  216    0
5    0    0    144
6  216    0    144
7    0  216    144
8  216  216    144
1 1 1 1 1 1 1 0 0 0 0 0 0
2 1 1 1 1 1 1 0 0 0 0 0 0
3 1 1 1 1 1 1 0 0 0 0 0 0
4 1 1 1 1 1 1 0 0 0 0 0 0
-1 5 6 1 13.3 1.51 53.4 248 0 0
0 0  145
-2 7 8 1 0 0 0 0 0 0
0 216 145
-3 5 7 1 0 0 0 0 0 0
0 0 145
-4 6 8 1 0 0 0 0 0 0
216 0 145
-5 1 5 1 17.0 2.1 107 475 0 0
217 0 0
-6 2 6 1 0 0 0 0 0 0
217 0 0
-7 3 7 1 0 0 0 0 0 0
217 216 0
-8 4 8 1 0 0 0 0 0 0
217 216 0
First Load Case
1 0 0 0
5 400 0 0 0 0 0

