++++++++ Structure 3D Frame Example - Example Chapter 23 - Lopez's Book  ++++++++
8 4 -8 1 1 0 0 0 0
1 30000 11538 1.0e-5 3.0
1   0.0   0.0    0.0
2 192.0   0.0    0.0
3 192.0   0.0 -192.0
4   0.0   0.0 -192.0
5   0.0 144.0    0.0
6 192.0 144.0    0.0
7 192.0 144.0 -192.0
8   0.0 144.0 -192.00
1 1 1 1 1 1 1 0 0 0 0 0 0
2 1 1 1 1 1 1 0 0 0 0 0 0
3 1 1 1 1 1 1 0 0 0 0 0 0
4 1 1 1 1 1 1 0 0 0 0 0 0
-1 1 5 1  13.3 1.51 53.4 248 0 0
 0.0 0.0 1.0
-2 2 6 1  0 0 0 0 0 0
 192.0 0.0 1.0
-3 3 7 1  0 0 0 0 0 0
 192.0 0.0 -191.0
-4 4 8 1  0 0 0 0 0 0
 0.0 0.0 -191.0
 5 5 6 1  11.7  0.906 44.1 307 0 0
 6 6 7 1  0 0 0 0 0 0
 7 7 8 1  0 0 0 0 0 0
 8 5 8 1  0 0 0 0 0 0
Load Case 1
1 0 0 0
6 0 0 -100 0 0 0
