++++++++ Grid Problem: Lab 10 2D Grid of CE398 Course ++++++++
8 5 8 1 1 0 0 2 0
1 30e3 11.538e3 6.5e-6 283.56e-6
1  120    0    0 
2  240    0    0 
3    0  120    0 
4  120  120    0 
5  240  120    0 
6    0  240    0 
7  120  240    0 
8  240  240    0 
1 1 1 1 1 1 1 0 0 0 0 0 0
2 1 1 1 1 1 1 0 0 0 0 0 0
3 1 1 1 1 1 1 0 0 0 0 0 0
6 1 1 1 1 1 1 0 0 0 0 0 0
8 0 0 0 0 0 0 0 0 2975 0 0 0
1 3 4 1 11.9 322 161 161 0 0 
2 4 5 1 0 0 0 0 0 0
3 6 7 1 0 0 0 0 0 0
4 7 8 1 0 0 0 0 0 0
5 1 4 1 0 0 0 0 0 0
6 4 7 1 0 0 0 0 0 0
7 2 5 1 0 0 0 0 0 0
8 5 8 1 0 0 0 0 0 0
First Load Case
4 0 0 0
4 0 0 -20 0 0 0
5 0 0 -10 0 0 0
7 0 0 -10 0 0 0
8 0 0 -5 0 0 0
