++++++++ Space Truss Example 1 Chapter 5: Frame Weaver & Gere book ++++++++
5 3 -7 1 1 0 0 0 0
1 30000 1.0 2.0 3.0
1 120 0 0
2 0 240 240
3 240 240 240
4 240 240 0
5 0 240 0
1 1 1 1 0 0 0 0 0 0 0 0 0
4 1 1 1 0 0 0 0 0 0 0 0 0
5 1 1 1 0 0 0 0 0 0 0 0 0
1 -1 -2 1 10 1 0 0 0 0
2 -1 -3 1 0 0 0 0 0 0
3 -2 -3 1 0 0 0 0 0 0
4 -2 -5 1 0 0 0 0 0 0
5 -3 -4 1 0 0 0 0 0 0
6 -2 -4 1 0 0 0 0 0 0
7 -3 -5 1 0 0 0 0 0 0
First Load Case
2 0 2 0
2 0 -20 0 0 0 0
3 0 0 -20 0 0 0
4 0 1 0 0 0 0 0 0 0 0
0 20 0 20 -0.5
5 1 0 0 0 0 0 0 0 0 0
1 0 -0.08333333333 0 0 -1.0

